sample:

   178   167   156   145   134   123   112   101   100   101   112   123   134   145   156   167   178
   167   156   145   134   123   112   101    90    89    90   101   112   123   134   145   156   167
   156   145   134   123   112   101    90    79    78    79    90   101   112   123   134   145   156
   145   134   123   112   101    90    79    68    67    68    79    90   101   112   123   134   145
   134   123   112   101    90    79    68    57    56    57    68    79    90   101   112   123   134
   123   112   101    90    79    68    57    46    45    46    57    68    79    90   101   112   123
   112   101    90    79    68    57    46    35    34    35    46    57    68    79    90   101   112
   101    90    79    68    57    46    35    24    23    24    35    46    57    68    79    90   101
    96    85    74    63    52    41    28    13     2    17    32    45    56    67    78    89   100
    97    86    75    64    53    42    31    20    19    28    39    50    61    72    83    94   105
   108    97    86    75    64    53    42    31    34    39    50    61    72    83    94   105   116
   119   108    97    86    75    64    53    42    45    50    61    72    83    94   105   116   127
   130   119   108    97    86    75    64    53    56    61    72    83    94   105   116   127   138
   141   130   119   108    97    86    75    64    67    72    83    94   105   116   127   138   149
   152   141   130   119   108    97    86    75    78    83    94   105   116   127   138   149   160
   163   152   141   130   119   108    97    86    89    94   105   116   127   138   149   160   171
   174   163   152   141   130   119   108    97   100   105   116   127   138   149   160   171   182

delta = 11

official input:

  2218  2087  1956  1825  1694  1563  1432  1301  1170  1181  1312  1443  1574  1705  1836  1967  2098
  2087  1956  1825  1694  1563  1432  1301  1170  1039  1050  1181  1312  1443  1574  1705  1836  1967
  1956  1825  1694  1563  1432  1301  1170  1039   908   919  1050  1181  1312  1443  1574  1705  1836
  1825  1694  1563  1432  1301  1170  1039   908   777   788   919  1050  1181  1312  1443  1574  1705
  1694  1563  1432  1301  1170  1039   908   777   646   657   788   919  1050  1181  1312  1443  1574
  1563  1432  1301  1170  1039   908   777   646   515   526   657   788   919  1050  1181  1312  1443
  1432  1301  1170  1039   908   777   646   515   384   395   526   657   788   919  1050  1181  1312
  1301  1170  1039   908   777   646   515   384   253   264   395   526   657   788   919  1050  1181
  1170  1039   908   777   646   515   384   253   122   133   264   395   526   657   788   919  1050
  1177  1046   915   784   653   522   391   260   129   140   271   402   533   664   795   926  1057
  1308  1177  1046   915   784   653   522   391   260   271   402   533   664   795   926  1057  1188
  1439  1308  1177  1046   915   784   653   522   391   402   533   664   795   926  1057  1188  1319
  1570  1439  1308  1177  1046   915   784   653   522   533   664   795   926  1057  1188  1319  1450
  1701  1570  1439  1308  1177  1046   915   784   653   664   795   926  1057  1188  1319  1450  1581
  1832  1701  1570  1439  1308  1177  1046   915   784   795   926  1057  1188  1319  1450  1581  1712
  1963  1832  1701  1570  1439  1308  1177  1046   915   926  1057  1188  1319  1450  1581  1712  1843
  2094  1963  1832  1701  1570  1439  1308  1177  1046  1057  1188  1319  1450  1581  1712  1843  1974

delta = 131
