2,4,1,0,7,5,0,3,1,5,4,0,5,5,3,0 191025017546403
2,4,1,0,7,5,0,3,1,5,4,1,5,5,3,0 190992268420771
2,4,1,0,7,5,0,3,1,5,4,2,5,5,3,0 202858726188707
2,4,1,0,7,5,0,3,1,5,4,3,5,5,3,0 202743298942627
2,4,1,0,7,5,0,3,1,5,4,7,5,5,3,0 189136842548899
2,4,1,0,7,5,0,3,4,0,1,5,5,5,3,0 202730212714147
2,4,1,0,7,5,0,3,4,1,1,5,5,5,3,0 202730346931875
2,4,1,0,7,5,0,3,4,2,1,5,5,5,3,0 202730615367331
2,4,1,0,7,5,0,3,4,3,1,5,5,5,3,0 202730883802787
2,4,1,0,7,5,0,3,4,5,1,5,5,5,3,0 202730078496419
2,4,1,0,7,5,0,3,4,6,1,5,5,5,3,0 202799737497251
2,4,1,0,7,5,1,4,4,2,5,5,0,3,3,0 174270842402386
2,4,1,0,7,5,1,4,4,5,5,5,0,3,3,0 174271345718866
2,4,1,0,7,5,1,5,0,3,4,0,5,5,3,0 202806544852643
2,4,1,0,7,5,1,5,0,3,4,1,5,5,3,0 202815134787235
2,4,1,0,7,5,1,5,0,3,4,2,5,5,3,0 202832314656419
2,4,1,0,7,5,1,5,0,3,4,3,5,5,3,0 202743898728099
2,4,1,0,7,5,1,5,0,3,4,5,5,5,3,0 202797954918051
2,4,1,0,7,5,1,5,0,3,4,7,5,5,3,0 189137442334371
2,4,1,0,7,5,1,5,4,0,0,3,5,5,3,0 189432989771427
2,4,1,0,7,5,1,5,4,1,0,3,5,5,3,0 189171097429667
2,4,1,0,7,5,1,5,4,2,0,3,5,5,3,0 189433392424611
2,4,1,0,7,5,1,5,4,5,0,3,5,5,3,0 189171231647395
2,4,1,0,7,5,1,5,4,7,0,3,5,5,3,0 189433660860067
2,4,1,0,7,5,1,7,4,7,5,5,0,3,3,0 259233547193075
2,4,1,0,7,5,4,0,1,4,5,5,0,3,3,0 174271416563282
2,4,1,0,7,5,4,0,1,7,5,5,0,3,3,0 259246506806003
2,4,1,0,7,5,4,1,0,3,1,5,5,5,3,0 189120954525347
2,4,1,0,7,5,4,1,1,4,5,5,0,3,3,0 174271403980370
2,4,1,0,7,5,4,1,1,5,0,3,5,5,3,0 189432876525219
2,4,1,0,7,5,4,2,1,7,5,5,0,3,3,0 259234225883891
2,4,1,0,7,5,4,3,1,5,0,3,5,5,3,0 202744693548707
2,4,1,0,7,5,4,3,1,5,5,5,0,3,3,0 203728106841763
2,4,1,0,7,5,4,3,1,7,5,5,0,3,3,0 259246498679539
2,4,1,0,7,5,4,5,0,3,1,5,5,5,3,0 189121157949091
2,4,1,0,7,5,4,5,1,5,0,3,5,5,3,0 202744691451555
2,4,1,0,7,5,4,5,1,5,5,5,0,3,3,0 203728104744611
2,4,1,0,7,5,4,6,1,4,5,5,0,3,3,0 174271408174674
2,4,1,0,7,5,4,7,0,3,1,5,5,5,3,0 190805422663331
2,4,1,0,7,5,4,7,1,4,5,5,0,3,3,0 174271412368978
2,4,1,0,7,5,4,7,1,7,5,5,0,3,3,0 259234217757427
2,4,1,1,7,5,0,3,1,4,4,0,5,5,3,0 202356708354602
2,4,1,1,7,5,0,3,1,4,4,2,5,5,3,0 202631586261546
2,4,1,1,7,5,0,3,1,4,4,4,5,5,3,0 202975183645226
2,4,1,1,7,5,0,3,1,4,4,5,5,5,3,0 202322348616234
2,4,1,1,7,5,0,3,1,4,4,6,5,5,3,0 203181342075434
2,4,1,1,7,5,0,3,4,3,1,6,5,5,3,0 247839539763386
2,4,1,1,7,5,0,3,4,5,1,4,5,5,3,0 202404828555818
2,4,1,1,7,5,0,3,4,7,1,6,5,5,3,0 247839002892474
2,4,1,1,7,5,1,4,0,3,4,5,5,5,3,0 202322936867370
2,4,1,1,7,5,1,4,4,0,0,3,5,5,3,0 203197932644906
2,4,1,1,7,5,1,4,4,1,0,3,5,5,3,0 202992055757354
2,4,1,1,7,5,1,4,4,4,0,3,5,5,3,0 202991774214698
2,4,1,1,7,5,1,4,4,5,0,3,5,5,3,0 202992189975082
2,4,1,1,7,5,1,5,0,3,4,3,5,5,3,0 164542125272765
2,4,1,1,7,5,1,5,0,3,4,4,5,5,3,0 164516454365621
2,4,1,1,7,5,1,5,4,0,0,3,5,5,3,0 164541160582845
2,4,1,1,7,5,1,5,4,0,5,5,0,3,3,0 164279024971453
2,4,1,1,7,5,1,5,4,1,5,5,0,3,3,0 164278764924605
2,4,1,1,7,5,1,5,4,2,5,5,0,3,3,0 164278496489149
2,4,1,1,7,5,1,5,4,3,0,3,5,5,3,0 164541017976509
2,4,1,1,7,5,1,5,4,3,5,5,0,3,3,0 164278899142333
2,4,1,1,7,5,1,5,4,4,0,3,5,5,3,0 164540221058749
2,4,1,1,7,5,1,5,4,4,5,5,0,3,3,0 164278228053693
2,4,1,1,7,5,1,5,4,5,0,3,5,5,3,0 164540892147389
2,4,1,1,7,5,1,5,4,5,5,5,0,3,3,0 165522963263165
2,4,1,1,7,5,1,5,4,6,0,3,5,5,3,0 164540489494205
2,4,1,1,7,5,1,5,4,6,5,5,0,3,3,0 165523634351805
2,4,1,1,7,5,1,5,4,7,0,3,5,5,3,0 164540623711933
2,4,1,1,7,5,1,5,4,7,5,5,0,3,3,0 164278630706877
2,4,1,1,7,5,4,0,0,3,1,6,5,5,3,0 247839653009594
2,4,1,1,7,5,4,0,1,4,0,3,5,5,3,0 202366621067818
2,4,1,1,7,5,4,1,1,4,0,3,5,5,3,0 202366625262122
2,4,1,1,7,5,4,2,1,4,0,3,5,5,3,0 202366618446378
2,4,1,1,7,5,4,3,1,4,0,3,5,5,3,0 202366623164970
2,4,1,1,7,5,4,4,1,4,0,3,5,5,3,0 202991746427434
2,4,1,1,7,5,4,5,0,3,1,6,5,5,3,0 247839661398202
2,4,1,1,7,5,4,5,1,4,0,3,5,5,3,0 202367015856682
2,4,1,1,7,5,4,6,0,3,1,4,5,5,3,0 202972175280682
2,4,1,1,7,5,4,6,1,4,0,3,5,5,3,0 202366627359274
2,4,1,1,7,5,4,7,0,3,1,6,5,5,3,0 247839648815290
2,4,1,1,7,5,4,7,1,4,0,3,5,5,3,0 202367025818154
2,4,1,2,7,5,0,3,1,7,4,1,5,5,3,0 190615597431823
2,4,1,2,7,5,0,3,1,7,4,7,5,5,3,0 190624228719631
2,4,1,2,7,5,0,3,4,2,1,7,5,5,3,0 190384709385231
2,4,1,2,7,5,0,3,4,3,1,7,5,5,3,0 190626778856463
2,4,1,2,7,5,0,3,4,5,1,7,5,5,3,0 190384433347599
2,4,1,2,7,5,0,3,4,7,1,7,5,5,3,0 190384113204239
2,4,1,2,7,5,1,3,4,0,5,5,0,3,3,0 37221871304180
2,4,1,2,7,5,1,3,4,1,5,5,0,3,3,0 37221468650996
2,4,1,2,7,5,1,3,4,2,5,5,0,3,3,0 37222005521908
2,4,1,2,7,5,1,3,4,3,5,5,0,3,3,0 37221334433268
2,4,1,2,7,5,1,3,4,4,5,5,0,3,3,0 37222273957364
2,4,1,2,7,5,1,3,4,7,5,5,0,3,3,0 37221737086452
2,4,1,2,7,5,1,7,0,3,4,1,5,5,3,0 190354906758159
2,4,1,2,7,5,1,7,0,3,4,7,5,5,3,0 190561065188367
2,4,1,2,7,5,1,7,4,2,0,3,5,5,3,0 190389435055119
2,4,1,2,7,5,1,7,4,3,0,3,5,5,3,0 190389300050959
2,4,1,2,7,5,1,7,4,4,0,3,5,5,3,0 190593310997519
2,4,1,2,7,5,1,7,4,5,0,3,5,5,3,0 190593446001679
2,4,1,2,7,5,4,0,1,3,5,5,0,3,3,0 37221263785460
2,4,1,2,7,5,4,1,1,3,5,5,0,3,3,0 37221261688308
2,4,1,2,7,5,4,2,1,3,5,5,0,3,3,0 38886108872180
2,4,1,2,7,5,4,3,0,3,1,7,5,5,3,0 190384609508367
2,4,1,2,7,5,4,3,1,3,5,5,0,3,3,0 37221267979764
2,4,1,2,7,5,4,4,0,3,1,7,5,5,3,0 190384623401999
2,4,1,2,7,5,4,5,0,3,1,7,5,5,3,0 190384615275535
2,4,1,2,7,5,4,5,1,3,5,5,0,3,3,0 37221270076916
2,4,1,2,7,5,4,6,1,3,5,5,0,3,3,0 37221276368372
2,4,1,2,7,5,4,7,1,3,5,5,0,3,3,0 37221274271220
2,4,1,3,7,5,0,3,1,0,4,0,5,5,3,0 87765778397121
2,4,1,3,7,5,0,3,1,0,4,1,5,5,3,0 87800138135489
2,4,1,3,7,5,0,3,1,0,4,2,5,5,3,0 87815170521025
2,4,1,3,7,5,0,3,1,0,4,3,5,5,3,0 87782958266305
2,4,1,3,7,5,0,3,1,4,4,0,5,5,3,0 280189034740753
2,4,1,3,7,5,0,3,1,4,4,1,5,5,3,0 266943355599889
2,4,1,3,7,5,0,3,1,4,4,2,5,5,3,0 266960535469073
2,4,1,3,7,5,0,3,1,4,4,3,5,5,3,0 266908995861521
2,4,1,3,7,5,0,3,1,4,4,4,5,5,3,0 266926175730705
2,4,1,3,7,5,0,3,1,4,4,5,5,5,3,0 280206214609937
2,4,1,3,7,5,0,3,1,4,4,7,5,5,3,0 266932601404433
2,4,1,3,7,5,0,3,1,5,4,1,5,5,3,0 216148338630253
2,4,1,3,7,5,0,3,1,5,4,4,5,5,3,0 236539226447469
2,4,1,3,7,5,0,3,1,5,4,5,5,5,3,0 236556406316653
2,4,1,3,7,5,0,3,4,0,1,4,5,5,3,0 266931276004369
2,4,1,3,7,5,0,3,4,0,1,5,5,5,3,0 236581377105517
2,4,1,3,7,5,0,3,4,1,1,5,5,5,3,0 236581108670061
2,4,1,3,7,5,0,3,4,2,1,0,5,5,3,0 87768596969409
2,4,1,3,7,5,0,3,4,2,1,4,5,5,3,0 266930722356241
2,4,1,3,7,5,0,3,4,3,1,0,5,5,3,0 87768089491393
2,4,1,3,7,5,0,3,4,3,1,5,5,5,3,0 236580836040301
2,4,1,3,7,5,0,3,4,4,1,4,5,5,3,0 266930990791697
2,4,1,3,7,5,0,3,4,6,1,0,5,5,3,0 87794366773185
2,4,1,3,7,5,0,3,4,7,1,0,5,5,3,0 87768372238273
2,4,1,3,7,5,1,5,0,3,4,1,5,5,3,0 216549846240877
2,4,1,3,7,5,1,5,0,3,4,2,5,5,3,0 216584205979245
2,4,1,3,7,5,1,5,0,3,4,3,5,5,3,0 236548287712877
2,4,1,3,7,5,1,5,4,4,5,5,0,3,3,0 233390776344173
2,4,1,3,7,5,1,5,4,5,5,5,0,3,3,0 233391044779629
2,4,1,3,7,5,4,0,1,3,0,3,5,5,3,0 108107574778365
2,4,1,3,7,5,4,1,1,3,0,3,5,5,3,0 108107566389757
2,4,1,3,7,5,4,1,1,5,5,5,0,3,3,0 233391028921023
2,4,1,3,7,5,4,2,0,3,1,5,5,5,3,0 236555995274861
2,4,1,3,7,5,4,3,0,3,1,0,5,5,3,0 87768066086849
2,4,1,3,7,5,4,3,1,0,0,3,5,5,3,0 87780816771009
2,4,1,3,7,5,4,4,0,3,1,5,5,5,3,0 236556005760621
2,4,1,3,7,5,4,5,0,3,1,4,5,5,3,0 266931037159697
2,4,1,3,7,5,4,5,0,3,1,5,5,5,3,0 236555999469165
2,4,1,3,7,5,4,6,0,3,1,5,5,5,3,0 236556001566317
2,4,1,3,7,5,4,6,1,3,0,3,5,5,3,0 108107578972669
2,4,1,3,7,5,4,7,0,3,1,5,5,5,3,0 236555997372013
2,4,1,3,7,5,4,7,1,3,0,3,5,5,3,0 108107570584061
2,4,1,4,7,5,1,4,4,7,5,5,0,3,3,0 156984410572290
2,4,1,4,7,5,4,0,1,4,5,5,0,3,3,0 156985257821698
2,4,1,4,7,5,4,1,1,4,5,5,0,3,3,0 156985331222018
2,4,1,4,7,5,4,3,1,4,5,5,0,3,3,0 156985262016002
2,4,1,4,7,5,4,5,1,4,5,5,0,3,3,0 156985264113154
2,4,1,4,7,5,4,7,1,4,5,5,0,3,3,0 156985259918850
2,4,1,5,7,5,0,3,1,6,4,0,5,5,3,0 105840740174234
2,4,1,5,7,5,0,3,1,6,4,1,5,5,3,0 105849330108826
2,4,1,5,7,5,0,3,1,6,4,2,5,5,3,0 105832150239642
2,4,1,5,7,5,0,3,1,6,4,3,5,5,3,0 105875099912602
2,4,1,5,7,5,0,3,1,6,4,4,5,5,3,0 108056943298970
2,4,1,5,7,5,0,3,1,6,4,5,5,5,3,0 105866509978010
2,4,1,5,7,5,0,3,1,6,4,6,5,5,3,0 109130685122970
2,4,1,5,7,5,0,3,1,6,4,7,5,5,3,0 109593014864282
2,4,1,5,7,5,0,3,4,0,1,6,5,5,3,0 109019476330651
2,4,1,5,7,5,0,3,4,1,1,6,5,5,3,0 109020013201563
2,4,1,5,7,5,0,3,4,3,1,6,5,5,3,0 109019619953050
2,4,1,5,7,5,0,3,4,4,1,6,5,5,3,0 109019205798043
2,4,1,5,7,5,0,3,4,5,1,6,5,5,3,0 109019742668955
2,4,1,5,7,5,1,6,0,3,4,0,5,5,3,0 105843716614554
2,4,1,5,7,5,1,6,0,3,4,1,5,5,3,0 105981155568026
2,4,1,5,7,5,1,6,0,3,4,2,5,5,3,0 106086382266778
2,4,1,5,7,5,1,6,0,3,4,3,5,5,3,0 105706277661082
2,4,1,5,7,5,1,6,0,3,4,5,5,5,3,0 109541683456410
2,4,1,5,7,5,1,6,0,3,4,6,5,5,3,0 136904920099226
2,4,1,5,7,5,1,6,0,3,4,7,5,5,3,0 109550273391002
2,4,1,5,7,5,1,6,4,1,5,5,0,3,3,0 107413700225434
2,4,1,5,7,5,1,6,4,2,5,5,0,3,3,0 107416870455451
2,4,1,5,7,5,1,6,4,3,0,3,5,5,3,0 105735268690330
2,4,1,5,7,5,1,6,4,3,5,5,0,3,3,0 107416732707226
2,4,1,5,7,5,1,6,4,6,0,3,5,5,3,0 136936180680859
2,4,1,5,7,5,1,6,4,7,0,3,5,5,3,0 105702138980762
2,4,1,5,7,5,1,6,4,7,5,5,0,3,3,0 108399378442650
2,4,1,5,7,5,4,1,1,6,0,3,5,5,3,0 105734763776155
2,4,1,5,7,5,4,3,1,6,0,3,5,5,3,0 105734774294938
2,4,1,5,7,5,4,4,1,6,0,3,5,5,3,0 105734783666586
2,4,1,5,7,5,4,4,1,6,5,5,0,3,3,0 108534028601754
2,4,1,5,7,5,4,5,0,3,1,6,5,5,3,0 109019930331546
2,4,1,5,7,5,4,6,0,3,1,6,5,5,3,0 109019846445466
2,4,1,5,7,5,4,6,1,6,0,3,5,5,3,0 105734716557722
2,4,1,5,7,5,4,7,1,6,0,3,5,5,3,0 105734765873307
2,4,1,6,7,5,0,3,1,7,4,1,5,5,3,0 47951183653778
2,4,1,6,7,5,0,3,4,3,1,7,5,5,3,0 47921188613010
2,4,1,6,7,5,4,1,1,7,0,3,5,5,3,0 47910082096018
2,4,1,6,7,5,4,4,1,7,0,3,5,5,3,0 47910079998866
2,4,1,6,7,5,4,6,1,4,5,5,0,3,3,0 90938893795561
2,4,1,6,7,5,4,7,1,4,5,5,0,3,3,0 90938843463913
2,4,1,7,7,5,0,3,1,7,4,0,5,5,3,0 265660930925467
2,4,1,7,7,5,0,3,1,7,4,1,5,5,3,0 265652340990875
2,4,1,7,7,5,0,3,4,0,1,7,5,5,3,0 258394985014171
2,4,1,7,7,5,0,3,4,2,1,7,5,5,3,0 258400890594203
2,4,1,7,7,5,0,3,4,4,1,7,5,5,3,0 267265166222235
2,4,1,7,7,5,0,3,4,5,1,7,5,5,3,0 258395521885083
2,4,1,7,7,5,1,4,4,3,5,5,0,3,3,0 109552863562265
2,4,1,7,7,5,1,7,0,3,4,1,5,5,3,0 265601188299675
2,4,1,7,7,5,1,7,0,3,4,4,5,5,3,0 265618099733403
2,4,1,7,7,5,1,7,0,3,4,5,5,5,3,0 265635548038043
2,4,1,7,7,5,1,7,4,0,0,3,5,5,3,0 258411949917083
2,4,1,7,7,5,1,7,4,1,0,3,5,5,3,0 258393608225691
2,4,1,7,7,5,1,7,4,2,0,3,5,5,3,0 258411144610715
2,4,1,7,7,5,1,7,4,4,0,3,5,5,3,0 258411681481627
2,4,1,7,7,5,1,7,4,5,0,3,5,5,3,0 258411811505051
2,4,1,7,7,5,1,7,4,6,0,3,5,5,3,0 265061364597659
2,4,1,7,7,5,1,7,4,7,0,3,5,5,3,0 258411413046171
2,4,1,7,7,5,4,1,1,4,5,5,0,3,3,0 109685330781408
