seeds: 0 9223372036854775807

seed-to-soil map:
361947 0 38415899085692544
361947 38415899085692544 38415899085692544
361947 76831798171385088 38415899085692544
361947 115247697257077632 38415899085692544
361947 153663596342770176 38415899085692544
361947 192079495428462720 38415899085692544
361947 230495394514155264 38415899085692544
361947 268911293599847808 38415899085692544
361947 307327192685540352 38415899085692544
361947 345743091771232896 38415899085692544
361947 384158990856925440 38415899085692544
361947 422574889942617984 38415899085692544
361947 460990789028310528 38415899085692544
361947 499406688114003072 38415899085692544
361947 537822587199695616 38415899085692544
361947 576238486285388160 38415899085692544
361947 614654385371080704 38415899085692544
361947 653070284456773248 38415899085692544
361947 691486183542465792 38415899085692544
361947 729902082628158336 38415899085692544
361947 768317981713850880 38415899085692544
361947 806733880799543424 38415899085692544
361947 845149779885235968 38415899085692544
361947 883565678970928512 38415899085692544
361947 921981578056621056 38415899085692544
361947 960397477142313600 38415899085692544
361947 998813376228006144 38415899085692544
361947 1037229275313698688 38415899085692544
361947 1075645174399391232 38415899085692544
361947 1114061073485083776 38415899085692544
361947 1152476972570776320 38415899085692544
361947 1190892871656468864 38415899085692544
361947 1229308770742161408 38415899085692544
361947 1267724669827853952 38415899085692544
361947 1306140568913546496 38415899085692544
361947 1344556467999239040 38415899085692544
361947 1382972367084931584 38415899085692544
361947 1421388266170624128 38415899085692544
361947 1459804165256316672 38415899085692544
361947 1498220064342009216 38415899085692544
361947 1536635963427701760 38415899085692544
361947 1575051862513394304 38415899085692544
361947 1613467761599086848 38415899085692544
361947 1651883660684779392 38415899085692544
361947 1690299559770471936 38415899085692544
361947 1728715458856164480 38415899085692544
361947 1767131357941857024 38415899085692544
361947 1805547257027549568 38415899085692544
361947 1843963156113242112 38415899085692544
361947 1882379055198934656 38415899085692544
361947 1920794954284627200 38415899085692544
361947 1959210853370319744 38415899085692544
361947 1997626752456012288 38415899085692544
361947 2036042651541704832 38415899085692544
361947 2074458550627397376 38415899085692544
361947 2112874449713089920 38415899085692544
361947 2151290348798782464 38415899085692544
361947 2189706247884475008 38415899085692544
361947 2228122146970167552 38415899085692544
361947 2266538046055860096 38415899085692544
361947 2304953945141552640 38415899085692544
361947 2343369844227245184 38415899085692544
361947 2381785743312937728 38415899085692544
361947 2420201642398630272 38415899085692544
361947 2458617541484322816 38415899085692544
361947 2497033440570015360 38415899085692544
361947 2535449339655707904 38415899085692544
361947 2573865238741400448 38415899085692544
361947 2612281137827092992 38415899085692544
361947 2650697036912785536 38415899085692544
361947 2689112935998478080 38415899085692544
361947 2727528835084170624 38415899085692544
361947 2765944734169863168 38415899085692544
361947 2804360633255555712 38415899085692544
361947 2842776532341248256 38415899085692544
361947 2881192431426940800 38415899085692544
361947 2919608330512633344 38415899085692544
361947 2958024229598325888 38415899085692544
361947 2996440128684018432 38415899085692544
361947 3034856027769710976 38415899085692544
361947 3073271926855403520 38415899085692544
361947 3111687825941096064 38415899085692544
361947 3150103725026788608 38415899085692544
361947 3188519624112481152 38415899085692544
361947 3226935523198173696 38415899085692544
361947 3265351422283866240 38415899085692544
361947 3303767321369558784 38415899085692544
361947 3342183220455251328 38415899085692544
361947 3380599119540943872 38415899085692544
361947 3419015018626636416 38415899085692544
361947 3457430917712328960 38415899085692544
361947 3495846816798021504 38415899085692544
361947 3534262715883714048 38415899085692544
361947 3572678614969406592 38415899085692544
361947 3611094514055099136 38415899085692544
361947 3649510413140791680 38415899085692544
361947 3687926312226484224 38415899085692544
361947 3726342211312176768 38415899085692544
361947 3764758110397869312 38415899085692544
361947 3803174009483561856 38415899085692544
361947 3841589908569254400 38415899085692544
361947 3880005807654946944 38415899085692544
361947 3918421706740639488 38415899085692544
361947 3956837605826332032 38415899085692544
361947 3995253504912024576 38415899085692544
361947 4033669403997717120 38415899085692544
361947 4072085303083409664 38415899085692544
361947 4110501202169102208 38415899085692544
361947 4148917101254794752 38415899085692544
361947 4187333000340487296 38415899085692544
361947 4225748899426179840 38415899085692544
361947 4264164798511872384 38415899085692544
361947 4302580697597564928 38415899085692544
361947 4340996596683257472 38415899085692544
361947 4379412495768950016 38415899085692544
361947 4417828394854642560 38415899085692544
361947 4456244293940335104 38415899085692544
361947 4494660193026027648 38415899085692544
361947 4533076092111720192 38415899085692544
361947 4571491991197412736 38415899085692544
361947 4609907890283105280 38415899085692544
361947 4648323789368797824 38415899085692544
361947 4686739688454490368 38415899085692544
361947 4725155587540182912 38415899085692544
361947 4763571486625875456 38415899085692544
361947 4801987385711568000 38415899085692544
361947 4840403284797260544 38415899085692544
361947 4878819183882953088 38415899085692544
361947 4917235082968645632 38415899085692544
361947 4955650982054338176 38415899085692544
361947 4994066881140030720 38415899085692544
361947 5032482780225723264 38415899085692544
361947 5070898679311415808 38415899085692544
361947 5109314578397108352 38415899085692544
361947 5147730477482800896 38415899085692544
361947 5186146376568493440 38415899085692544
361947 5224562275654185984 38415899085692544
361947 5262978174739878528 38415899085692544
361947 5301394073825571072 38415899085692544
361947 5339809972911263616 38415899085692544
361947 5378225871996956160 38415899085692544
361947 5416641771082648704 38415899085692544
361947 5455057670168341248 38415899085692544
361947 5493473569254033792 38415899085692544
361947 5531889468339726336 38415899085692544
361947 5570305367425418880 38415899085692544
361947 5608721266511111424 38415899085692544
361947 5647137165596803968 38415899085692544
361947 5685553064682496512 38415899085692544
361947 5723968963768189056 38415899085692544
361947 5762384862853881600 38415899085692544
361947 5800800761939574144 38415899085692544
361947 5839216661025266688 38415899085692544
361947 5877632560110959232 38415899085692544
361947 5916048459196651776 38415899085692544
361947 5954464358282344320 38415899085692544
361947 5992880257368036864 38415899085692544
361947 6031296156453729408 38415899085692544
361947 6069712055539421952 38415899085692544
361947 6108127954625114496 38415899085692544
361947 6146543853710807040 38415899085692544
361947 6184959752796499584 38415899085692544
361947 6223375651882192128 38415899085692544
361947 6261791550967884672 38415899085692544
361947 6300207450053577216 38415899085692544
361947 6338623349139269760 38415899085692544
361947 6377039248224962304 38415899085692544
361947 6415455147310654848 38415899085692544
361947 6453871046396347392 38415899085692544
361947 6492286945482039936 38415899085692544
361947 6530702844567732480 38415899085692544
361947 6569118743653425024 38415899085692544
361947 6607534642739117568 38415899085692544
361947 6645950541824810112 38415899085692544
361947 6684366440910502656 38415899085692544
361947 6722782339996195200 38415899085692544
361947 6761198239081887744 38415899085692544
361947 6799614138167580288 38415899085692544
361947 6838030037253272832 38415899085692544
361947 6876445936338965376 38415899085692544
361947 6914861835424657920 38415899085692544
361947 6953277734510350464 38415899085692544
361947 6991693633596043008 38415899085692544
361947 7030109532681735552 38415899085692544
361947 7068525431767428096 38415899085692544
361947 7106941330853120640 38415899085692544
361947 7145357229938813184 38415899085692544
361947 7183773129024505728 38415899085692544
361947 7222189028110198272 38415899085692544
361947 7260604927195890816 38415899085692544
361947 7299020826281583360 38415899085692544
361947 7337436725367275904 38415899085692544
361947 7375852624452968448 38415899085692544
361947 7414268523538660992 38415899085692544
361947 7452684422624353536 38415899085692544
361947 7491100321710046080 38415899085692544
361947 7529516220795738624 38415899085692544
361947 7567932119881431168 38415899085692544
361947 7606348018967123712 38415899085692544
361947 7644763918052816256 38415899085692544
361947 7683179817138508800 38415899085692544
361947 7721595716224201344 38415899085692544
361947 7760011615309893888 38415899085692544
361947 7798427514395586432 38415899085692544
361947 7836843413481278976 38415899085692544
361947 7875259312566971520 38415899085692544
361947 7913675211652664064 38415899085692544
361947 7952091110738356608 38415899085692544
361947 7990507009824049152 38415899085692544
361947 8028922908909741696 38415899085692544
361947 8067338807995434240 38415899085692544
361947 8105754707081126784 38415899085692544
361947 8144170606166819328 38415899085692544
361947 8182586505252511872 38415899085692544
361947 8221002404338204416 38415899085692544
361947 8259418303423896960 38415899085692544
361947 8297834202509589504 38415899085692544
361947 8336250101595282048 38415899085692544
361947 8374666000680974592 38415899085692544
361947 8413081899766667136 38415899085692544
361947 8451497798852359680 38415899085692544
361947 8489913697938052224 38415899085692544
361947 8528329597023744768 38415899085692544
361947 8566745496109437312 38415899085692544
361947 8605161395195129856 38415899085692544
361947 8643577294280822400 38415899085692544
361947 8681993193366514944 38415899085692544
361947 8720409092452207488 38415899085692544
361947 8758824991537900032 38415899085692544
361947 8797240890623592576 38415899085692544
361947 8835656789709285120 38415899085692544
361947 8874072688794977664 38415899085692544
361947 8912488587880670208 38415899085692544
361947 8950904486966362752 38415899085692544

soil-to-fertilizer map:
286537 361947 164170508913216
286537 164170509275163 164170508913216
286537 328341018188379 164170508913216
286537 492511527101595 164170508913216
286537 656682036014811 164170508913216
286537 820852544928027 164170508913216
286537 985023053841243 164170508913216
286537 1149193562754459 164170508913216
286537 1313364071667675 164170508913216
286537 1477534580580891 164170508913216
286537 1641705089494107 164170508913216
286537 1805875598407323 164170508913216
286537 1970046107320539 164170508913216
286537 2134216616233755 164170508913216
286537 2298387125146971 164170508913216
286537 2462557634060187 164170508913216
286537 2626728142973403 164170508913216
286537 2790898651886619 164170508913216
286537 2955069160799835 164170508913216
286537 3119239669713051 164170508913216
286537 3283410178626267 164170508913216
286537 3447580687539483 164170508913216
286537 3611751196452699 164170508913216
286537 3775921705365915 164170508913216
286537 3940092214279131 164170508913216
286537 4104262723192347 164170508913216
286537 4268433232105563 164170508913216
286537 4432603741018779 164170508913216
286537 4596774249931995 164170508913216
286537 4760944758845211 164170508913216
286537 4925115267758427 164170508913216
286537 5089285776671643 164170508913216
286537 5253456285584859 164170508913216
286537 5417626794498075 164170508913216
286537 5581797303411291 164170508913216
286537 5745967812324507 164170508913216
286537 5910138321237723 164170508913216
286537 6074308830150939 164170508913216
286537 6238479339064155 164170508913216
286537 6402649847977371 164170508913216
286537 6566820356890587 164170508913216
286537 6730990865803803 164170508913216
286537 6895161374717019 164170508913216
286537 7059331883630235 164170508913216
286537 7223502392543451 164170508913216
286537 7387672901456667 164170508913216
286537 7551843410369883 164170508913216
286537 7716013919283099 164170508913216
286537 7880184428196315 164170508913216
286537 8044354937109531 164170508913216
286537 8208525446022747 164170508913216
286537 8372695954935963 164170508913216
286537 8536866463849179 164170508913216
286537 8701036972762395 164170508913216
286537 8865207481675611 164170508913216
286537 9029377990588827 164170508913216
286537 9193548499502043 164170508913216
286537 9357719008415259 164170508913216
286537 9521889517328475 164170508913216
286537 9686060026241691 164170508913216
286537 9850230535154907 164170508913216
286537 10014401044068123 164170508913216
286537 10178571552981339 164170508913216
286537 10342742061894555 164170508913216
286537 10506912570807771 164170508913216
286537 10671083079720987 164170508913216
286537 10835253588634203 164170508913216
286537 10999424097547419 164170508913216
286537 11163594606460635 164170508913216
286537 11327765115373851 164170508913216
286537 11491935624287067 164170508913216
286537 11656106133200283 164170508913216
286537 11820276642113499 164170508913216
286537 11984447151026715 164170508913216
286537 12148617659939931 164170508913216
286537 12312788168853147 164170508913216
286537 12476958677766363 164170508913216
286537 12641129186679579 164170508913216
286537 12805299695592795 164170508913216
286537 12969470204506011 164170508913216
286537 13133640713419227 164170508913216
286537 13297811222332443 164170508913216
286537 13461981731245659 164170508913216
286537 13626152240158875 164170508913216
286537 13790322749072091 164170508913216
286537 13954493257985307 164170508913216
286537 14118663766898523 164170508913216
286537 14282834275811739 164170508913216
286537 14447004784724955 164170508913216
286537 14611175293638171 164170508913216
286537 14775345802551387 164170508913216
286537 14939516311464603 164170508913216
286537 15103686820377819 164170508913216
286537 15267857329291035 164170508913216
286537 15432027838204251 164170508913216
286537 15596198347117467 164170508913216
286537 15760368856030683 164170508913216
286537 15924539364943899 164170508913216
286537 16088709873857115 164170508913216
286537 16252880382770331 164170508913216
286537 16417050891683547 164170508913216
286537 16581221400596763 164170508913216
286537 16745391909509979 164170508913216
286537 16909562418423195 164170508913216
286537 17073732927336411 164170508913216
286537 17237903436249627 164170508913216
286537 17402073945162843 164170508913216
286537 17566244454076059 164170508913216
286537 17730414962989275 164170508913216
286537 17894585471902491 164170508913216
286537 18058755980815707 164170508913216
286537 18222926489728923 164170508913216
286537 18387096998642139 164170508913216
286537 18551267507555355 164170508913216
286537 18715438016468571 164170508913216
286537 18879608525381787 164170508913216
286537 19043779034295003 164170508913216
286537 19207949543208219 164170508913216
286537 19372120052121435 164170508913216
286537 19536290561034651 164170508913216
286537 19700461069947867 164170508913216
286537 19864631578861083 164170508913216
286537 20028802087774299 164170508913216
286537 20192972596687515 164170508913216
286537 20357143105600731 164170508913216
286537 20521313614513947 164170508913216
286537 20685484123427163 164170508913216
286537 20849654632340379 164170508913216
286537 21013825141253595 164170508913216
286537 21177995650166811 164170508913216
286537 21342166159080027 164170508913216
286537 21506336667993243 164170508913216
286537 21670507176906459 164170508913216
286537 21834677685819675 164170508913216
286537 21998848194732891 164170508913216
286537 22163018703646107 164170508913216
286537 22327189212559323 164170508913216
286537 22491359721472539 164170508913216
286537 22655530230385755 164170508913216
286537 22819700739298971 164170508913216
286537 22983871248212187 164170508913216
286537 23148041757125403 164170508913216
286537 23312212266038619 164170508913216
286537 23476382774951835 164170508913216
286537 23640553283865051 164170508913216
286537 23804723792778267 164170508913216
286537 23968894301691483 164170508913216
286537 24133064810604699 164170508913216
286537 24297235319517915 164170508913216
286537 24461405828431131 164170508913216
286537 24625576337344347 164170508913216
286537 24789746846257563 164170508913216
286537 24953917355170779 164170508913216
286537 25118087864083995 164170508913216
286537 25282258372997211 164170508913216
286537 25446428881910427 164170508913216
286537 25610599390823643 164170508913216
286537 25774769899736859 164170508913216
286537 25938940408650075 164170508913216
286537 26103110917563291 164170508913216
286537 26267281426476507 164170508913216
286537 26431451935389723 164170508913216
286537 26595622444302939 164170508913216
286537 26759792953216155 164170508913216
286537 26923963462129371 164170508913216
286537 27088133971042587 164170508913216
286537 27252304479955803 164170508913216
286537 27416474988869019 164170508913216
286537 27580645497782235 164170508913216
286537 27744816006695451 164170508913216
286537 27908986515608667 164170508913216
286537 28073157024521883 164170508913216
286537 28237327533435099 164170508913216
286537 28401498042348315 164170508913216
286537 28565668551261531 164170508913216
286537 28729839060174747 164170508913216
286537 28894009569087963 164170508913216
286537 29058180078001179 164170508913216
286537 29222350586914395 164170508913216
286537 29386521095827611 164170508913216
286537 29550691604740827 164170508913216
286537 29714862113654043 164170508913216
286537 29879032622567259 164170508913216
286537 30043203131480475 164170508913216
286537 30207373640393691 164170508913216
286537 30371544149306907 164170508913216
286537 30535714658220123 164170508913216
286537 30699885167133339 164170508913216
286537 30864055676046555 164170508913216
286537 31028226184959771 164170508913216
286537 31192396693872987 164170508913216
286537 31356567202786203 164170508913216
286537 31520737711699419 164170508913216
286537 31684908220612635 164170508913216
286537 31849078729525851 164170508913216
286537 32013249238439067 164170508913216
286537 32177419747352283 164170508913216
286537 32341590256265499 164170508913216
286537 32505760765178715 164170508913216
286537 32669931274091931 164170508913216
286537 32834101783005147 164170508913216
286537 32998272291918363 164170508913216
286537 33162442800831579 164170508913216
286537 33326613309744795 164170508913216
286537 33490783818658011 164170508913216
286537 33654954327571227 164170508913216
286537 33819124836484443 164170508913216
286537 33983295345397659 164170508913216
286537 34147465854310875 164170508913216
286537 34311636363224091 164170508913216
286537 34475806872137307 164170508913216
286537 34639977381050523 164170508913216
286537 34804147889963739 164170508913216
286537 34968318398876955 164170508913216
286537 35132488907790171 164170508913216
286537 35296659416703387 164170508913216
286537 35460829925616603 164170508913216
286537 35625000434529819 164170508913216
286537 35789170943443035 164170508913216
286537 35953341452356251 164170508913216
286537 36117511961269467 164170508913216
286537 36281682470182683 164170508913216
286537 36445852979095899 164170508913216
286537 36610023488009115 164170508913216
286537 36774193996922331 164170508913216
286537 36938364505835547 164170508913216
286537 37102535014748763 164170508913216
286537 37266705523661979 164170508913216
286537 37430876032575195 164170508913216
286537 37595046541488411 164170508913216
286537 37759217050401627 164170508913216
286537 37923387559314843 164170508913216
286537 38087558068228059 164170508913216
286537 38251728577141275 164170508913216

fertilizer-to-water map:
444231 286537 701583371424
444231 701583657961 701583371424
444231 1403167029385 701583371424
444231 2104750400809 701583371424
444231 2806333772233 701583371424
444231 3507917143657 701583371424
444231 4209500515081 701583371424
444231 4911083886505 701583371424
444231 5612667257929 701583371424
444231 6314250629353 701583371424
444231 7015834000777 701583371424
444231 7717417372201 701583371424
444231 8419000743625 701583371424
444231 9120584115049 701583371424
444231 9822167486473 701583371424
444231 10523750857897 701583371424
444231 11225334229321 701583371424
444231 11926917600745 701583371424
444231 12628500972169 701583371424
444231 13330084343593 701583371424
444231 14031667715017 701583371424
444231 14733251086441 701583371424
444231 15434834457865 701583371424
444231 16136417829289 701583371424
444231 16838001200713 701583371424
444231 17539584572137 701583371424
444231 18241167943561 701583371424
444231 18942751314985 701583371424
444231 19644334686409 701583371424
444231 20345918057833 701583371424
444231 21047501429257 701583371424
444231 21749084800681 701583371424
444231 22450668172105 701583371424
444231 23152251543529 701583371424
444231 23853834914953 701583371424
444231 24555418286377 701583371424
444231 25257001657801 701583371424
444231 25958585029225 701583371424
444231 26660168400649 701583371424
444231 27361751772073 701583371424
444231 28063335143497 701583371424
444231 28764918514921 701583371424
444231 29466501886345 701583371424
444231 30168085257769 701583371424
444231 30869668629193 701583371424
444231 31571252000617 701583371424
444231 32272835372041 701583371424
444231 32974418743465 701583371424
444231 33676002114889 701583371424
444231 34377585486313 701583371424
444231 35079168857737 701583371424
444231 35780752229161 701583371424
444231 36482335600585 701583371424
444231 37183918972009 701583371424
444231 37885502343433 701583371424
444231 38587085714857 701583371424
444231 39288669086281 701583371424
444231 39990252457705 701583371424
444231 40691835829129 701583371424
444231 41393419200553 701583371424
444231 42095002571977 701583371424
444231 42796585943401 701583371424
444231 43498169314825 701583371424
444231 44199752686249 701583371424
444231 44901336057673 701583371424
444231 45602919429097 701583371424
444231 46304502800521 701583371424
444231 47006086171945 701583371424
444231 47707669543369 701583371424
444231 48409252914793 701583371424
444231 49110836286217 701583371424
444231 49812419657641 701583371424
444231 50514003029065 701583371424
444231 51215586400489 701583371424
444231 51917169771913 701583371424
444231 52618753143337 701583371424
444231 53320336514761 701583371424
444231 54021919886185 701583371424
444231 54723503257609 701583371424
444231 55425086629033 701583371424
444231 56126670000457 701583371424
444231 56828253371881 701583371424
444231 57529836743305 701583371424
444231 58231420114729 701583371424
444231 58933003486153 701583371424
444231 59634586857577 701583371424
444231 60336170229001 701583371424
444231 61037753600425 701583371424
444231 61739336971849 701583371424
444231 62440920343273 701583371424
444231 63142503714697 701583371424
444231 63844087086121 701583371424
444231 64545670457545 701583371424
444231 65247253828969 701583371424
444231 65948837200393 701583371424
444231 66650420571817 701583371424
444231 67352003943241 701583371424
444231 68053587314665 701583371424
444231 68755170686089 701583371424
444231 69456754057513 701583371424
444231 70158337428937 701583371424
444231 70859920800361 701583371424
444231 71561504171785 701583371424
444231 72263087543209 701583371424
444231 72964670914633 701583371424
444231 73666254286057 701583371424
444231 74367837657481 701583371424
444231 75069421028905 701583371424
444231 75771004400329 701583371424
444231 76472587771753 701583371424
444231 77174171143177 701583371424
444231 77875754514601 701583371424
444231 78577337886025 701583371424
444231 79278921257449 701583371424
444231 79980504628873 701583371424
444231 80682088000297 701583371424
444231 81383671371721 701583371424
444231 82085254743145 701583371424
444231 82786838114569 701583371424
444231 83488421485993 701583371424
444231 84190004857417 701583371424
444231 84891588228841 701583371424
444231 85593171600265 701583371424
444231 86294754971689 701583371424
444231 86996338343113 701583371424
444231 87697921714537 701583371424
444231 88399505085961 701583371424
444231 89101088457385 701583371424
444231 89802671828809 701583371424
444231 90504255200233 701583371424
444231 91205838571657 701583371424
444231 91907421943081 701583371424
444231 92609005314505 701583371424
444231 93310588685929 701583371424
444231 94012172057353 701583371424
444231 94713755428777 701583371424
444231 95415338800201 701583371424
444231 96116922171625 701583371424
444231 96818505543049 701583371424
444231 97520088914473 701583371424
444231 98221672285897 701583371424
444231 98923255657321 701583371424
444231 99624839028745 701583371424
444231 100326422400169 701583371424
444231 101028005771593 701583371424
444231 101729589143017 701583371424
444231 102431172514441 701583371424
444231 103132755885865 701583371424
444231 103834339257289 701583371424
444231 104535922628713 701583371424
444231 105237506000137 701583371424
444231 105939089371561 701583371424
444231 106640672742985 701583371424
444231 107342256114409 701583371424
444231 108043839485833 701583371424
444231 108745422857257 701583371424
444231 109447006228681 701583371424
444231 110148589600105 701583371424
444231 110850172971529 701583371424
444231 111551756342953 701583371424
444231 112253339714377 701583371424
444231 112954923085801 701583371424
444231 113656506457225 701583371424
444231 114358089828649 701583371424
444231 115059673200073 701583371424
444231 115761256571497 701583371424
444231 116462839942921 701583371424
444231 117164423314345 701583371424
444231 117866006685769 701583371424
444231 118567590057193 701583371424
444231 119269173428617 701583371424
444231 119970756800041 701583371424
444231 120672340171465 701583371424
444231 121373923542889 701583371424
444231 122075506914313 701583371424
444231 122777090285737 701583371424
444231 123478673657161 701583371424
444231 124180257028585 701583371424
444231 124881840400009 701583371424
444231 125583423771433 701583371424
444231 126285007142857 701583371424
444231 126986590514281 701583371424
444231 127688173885705 701583371424
444231 128389757257129 701583371424
444231 129091340628553 701583371424
444231 129792923999977 701583371424
444231 130494507371401 701583371424
444231 131196090742825 701583371424
444231 131897674114249 701583371424
444231 132599257485673 701583371424
444231 133300840857097 701583371424
444231 134002424228521 701583371424
444231 134704007599945 701583371424
444231 135405590971369 701583371424
444231 136107174342793 701583371424
444231 136808757714217 701583371424
444231 137510341085641 701583371424
444231 138211924457065 701583371424
444231 138913507828489 701583371424
444231 139615091199913 701583371424
444231 140316674571337 701583371424
444231 141018257942761 701583371424
444231 141719841314185 701583371424
444231 142421424685609 701583371424
444231 143123008057033 701583371424
444231 143824591428457 701583371424
444231 144526174799881 701583371424
444231 145227758171305 701583371424
444231 145929341542729 701583371424
444231 146630924914153 701583371424
444231 147332508285577 701583371424
444231 148034091657001 701583371424
444231 148735675028425 701583371424
444231 149437258399849 701583371424
444231 150138841771273 701583371424
444231 150840425142697 701583371424
444231 151542008514121 701583371424
444231 152243591885545 701583371424
444231 152945175256969 701583371424
444231 153646758628393 701583371424
444231 154348341999817 701583371424
444231 155049925371241 701583371424
444231 155751508742665 701583371424
444231 156453092114089 701583371424
444231 157154675485513 701583371424
444231 157856258856937 701583371424
444231 158557842228361 701583371424
444231 159259425599785 701583371424
444231 159961008971209 701583371424
444231 160662592342633 701583371424
444231 161364175714057 701583371424
444231 162065759085481 701583371424
444231 162767342456905 701583371424
444231 163468925828329 701583371424

water-to-light map:
660909 444231 2998219536
660909 2998663767 2998219536
660909 5996883303 2998219536
660909 8995102839 2998219536
660909 11993322375 2998219536
660909 14991541911 2998219536
660909 17989761447 2998219536
660909 20987980983 2998219536
660909 23986200519 2998219536
660909 26984420055 2998219536
660909 29982639591 2998219536
660909 32980859127 2998219536
660909 35979078663 2998219536
660909 38977298199 2998219536
660909 41975517735 2998219536
660909 44973737271 2998219536
660909 47971956807 2998219536
660909 50970176343 2998219536
660909 53968395879 2998219536
660909 56966615415 2998219536
660909 59964834951 2998219536
660909 62963054487 2998219536
660909 65961274023 2998219536
660909 68959493559 2998219536
660909 71957713095 2998219536
660909 74955932631 2998219536
660909 77954152167 2998219536
660909 80952371703 2998219536
660909 83950591239 2998219536
660909 86948810775 2998219536
660909 89947030311 2998219536
660909 92945249847 2998219536
660909 95943469383 2998219536
660909 98941688919 2998219536
660909 101939908455 2998219536
660909 104938127991 2998219536
660909 107936347527 2998219536
660909 110934567063 2998219536
660909 113932786599 2998219536
660909 116931006135 2998219536
660909 119929225671 2998219536
660909 122927445207 2998219536
660909 125925664743 2998219536
660909 128923884279 2998219536
660909 131922103815 2998219536
660909 134920323351 2998219536
660909 137918542887 2998219536
660909 140916762423 2998219536
660909 143914981959 2998219536
660909 146913201495 2998219536
660909 149911421031 2998219536
660909 152909640567 2998219536
660909 155907860103 2998219536
660909 158906079639 2998219536
660909 161904299175 2998219536
660909 164902518711 2998219536
660909 167900738247 2998219536
660909 170898957783 2998219536
660909 173897177319 2998219536
660909 176895396855 2998219536
660909 179893616391 2998219536
660909 182891835927 2998219536
660909 185890055463 2998219536
660909 188888274999 2998219536
660909 191886494535 2998219536
660909 194884714071 2998219536
660909 197882933607 2998219536
660909 200881153143 2998219536
660909 203879372679 2998219536
660909 206877592215 2998219536
660909 209875811751 2998219536
660909 212874031287 2998219536
660909 215872250823 2998219536
660909 218870470359 2998219536
660909 221868689895 2998219536
660909 224866909431 2998219536
660909 227865128967 2998219536
660909 230863348503 2998219536
660909 233861568039 2998219536
660909 236859787575 2998219536
660909 239858007111 2998219536
660909 242856226647 2998219536
660909 245854446183 2998219536
660909 248852665719 2998219536
660909 251850885255 2998219536
660909 254849104791 2998219536
660909 257847324327 2998219536
660909 260845543863 2998219536
660909 263843763399 2998219536
660909 266841982935 2998219536
660909 269840202471 2998219536
660909 272838422007 2998219536
660909 275836641543 2998219536
660909 278834861079 2998219536
660909 281833080615 2998219536
660909 284831300151 2998219536
660909 287829519687 2998219536
660909 290827739223 2998219536
660909 293825958759 2998219536
660909 296824178295 2998219536
660909 299822397831 2998219536
660909 302820617367 2998219536
660909 305818836903 2998219536
660909 308817056439 2998219536
660909 311815275975 2998219536
660909 314813495511 2998219536
660909 317811715047 2998219536
660909 320809934583 2998219536
660909 323808154119 2998219536
660909 326806373655 2998219536
660909 329804593191 2998219536
660909 332802812727 2998219536
660909 335801032263 2998219536
660909 338799251799 2998219536
660909 341797471335 2998219536
660909 344795690871 2998219536
660909 347793910407 2998219536
660909 350792129943 2998219536
660909 353790349479 2998219536
660909 356788569015 2998219536
660909 359786788551 2998219536
660909 362785008087 2998219536
660909 365783227623 2998219536
660909 368781447159 2998219536
660909 371779666695 2998219536
660909 374777886231 2998219536
660909 377776105767 2998219536
660909 380774325303 2998219536
660909 383772544839 2998219536
660909 386770764375 2998219536
660909 389768983911 2998219536
660909 392767203447 2998219536
660909 395765422983 2998219536
660909 398763642519 2998219536
660909 401761862055 2998219536
660909 404760081591 2998219536
660909 407758301127 2998219536
660909 410756520663 2998219536
660909 413754740199 2998219536
660909 416752959735 2998219536
660909 419751179271 2998219536
660909 422749398807 2998219536
660909 425747618343 2998219536
660909 428745837879 2998219536
660909 431744057415 2998219536
660909 434742276951 2998219536
660909 437740496487 2998219536
660909 440738716023 2998219536
660909 443736935559 2998219536
660909 446735155095 2998219536
660909 449733374631 2998219536
660909 452731594167 2998219536
660909 455729813703 2998219536
660909 458728033239 2998219536
660909 461726252775 2998219536
660909 464724472311 2998219536
660909 467722691847 2998219536
660909 470720911383 2998219536
660909 473719130919 2998219536
660909 476717350455 2998219536
660909 479715569991 2998219536
660909 482713789527 2998219536
660909 485712009063 2998219536
660909 488710228599 2998219536
660909 491708448135 2998219536
660909 494706667671 2998219536
660909 497704887207 2998219536
660909 500703106743 2998219536
660909 503701326279 2998219536
660909 506699545815 2998219536
660909 509697765351 2998219536
660909 512695984887 2998219536
660909 515694204423 2998219536
660909 518692423959 2998219536
660909 521690643495 2998219536
660909 524688863031 2998219536
660909 527687082567 2998219536
660909 530685302103 2998219536
660909 533683521639 2998219536
660909 536681741175 2998219536
660909 539679960711 2998219536
660909 542678180247 2998219536
660909 545676399783 2998219536
660909 548674619319 2998219536
660909 551672838855 2998219536
660909 554671058391 2998219536
660909 557669277927 2998219536
660909 560667497463 2998219536
660909 563665716999 2998219536
660909 566663936535 2998219536
660909 569662156071 2998219536
660909 572660375607 2998219536
660909 575658595143 2998219536
660909 578656814679 2998219536
660909 581655034215 2998219536
660909 584653253751 2998219536
660909 587651473287 2998219536
660909 590649692823 2998219536
660909 593647912359 2998219536
660909 596646131895 2998219536
660909 599644351431 2998219536
660909 602642570967 2998219536
660909 605640790503 2998219536
660909 608639010039 2998219536
660909 611637229575 2998219536
660909 614635449111 2998219536
660909 617633668647 2998219536
660909 620631888183 2998219536
660909 623630107719 2998219536
660909 626628327255 2998219536
660909 629626546791 2998219536
660909 632624766327 2998219536
660909 635622985863 2998219536
660909 638621205399 2998219536
660909 641619424935 2998219536
660909 644617644471 2998219536
660909 647615864007 2998219536
660909 650614083543 2998219536
660909 653612303079 2998219536
660909 656610522615 2998219536
660909 659608742151 2998219536
660909 662606961687 2998219536
660909 665605181223 2998219536
660909 668603400759 2998219536
660909 671601620295 2998219536
660909 674599839831 2998219536
660909 677598059367 2998219536
660909 680596278903 2998219536
660909 683594498439 2998219536
660909 686592717975 2998219536
660909 689590937511 2998219536
660909 692589157047 2998219536
660909 695587376583 2998219536
660909 698585596119 2998219536

light-to-temperature map:
913542 660909 12812904
913542 13473813 12812904
913542 26286717 12812904
913542 39099621 12812904
913542 51912525 12812904
913542 64725429 12812904
913542 77538333 12812904
913542 90351237 12812904
913542 103164141 12812904
913542 115977045 12812904
913542 128789949 12812904
913542 141602853 12812904
913542 154415757 12812904
913542 167228661 12812904
913542 180041565 12812904
913542 192854469 12812904
913542 205667373 12812904
913542 218480277 12812904
913542 231293181 12812904
913542 244106085 12812904
913542 256918989 12812904
913542 269731893 12812904
913542 282544797 12812904
913542 295357701 12812904
913542 308170605 12812904
913542 320983509 12812904
913542 333796413 12812904
913542 346609317 12812904
913542 359422221 12812904
913542 372235125 12812904
913542 385048029 12812904
913542 397860933 12812904
913542 410673837 12812904
913542 423486741 12812904
913542 436299645 12812904
913542 449112549 12812904
913542 461925453 12812904
913542 474738357 12812904
913542 487551261 12812904
913542 500364165 12812904
913542 513177069 12812904
913542 525989973 12812904
913542 538802877 12812904
913542 551615781 12812904
913542 564428685 12812904
913542 577241589 12812904
913542 590054493 12812904
913542 602867397 12812904
913542 615680301 12812904
913542 628493205 12812904
913542 641306109 12812904
913542 654119013 12812904
913542 666931917 12812904
913542 679744821 12812904
913542 692557725 12812904
913542 705370629 12812904
913542 718183533 12812904
913542 730996437 12812904
913542 743809341 12812904
913542 756622245 12812904
913542 769435149 12812904
913542 782248053 12812904
913542 795060957 12812904
913542 807873861 12812904
913542 820686765 12812904
913542 833499669 12812904
913542 846312573 12812904
913542 859125477 12812904
913542 871938381 12812904
913542 884751285 12812904
913542 897564189 12812904
913542 910377093 12812904
913542 923189997 12812904
913542 936002901 12812904
913542 948815805 12812904
913542 961628709 12812904
913542 974441613 12812904
913542 987254517 12812904
913542 1000067421 12812904
913542 1012880325 12812904
913542 1025693229 12812904
913542 1038506133 12812904
913542 1051319037 12812904
913542 1064131941 12812904
913542 1076944845 12812904
913542 1089757749 12812904
913542 1102570653 12812904
913542 1115383557 12812904
913542 1128196461 12812904
913542 1141009365 12812904
913542 1153822269 12812904
913542 1166635173 12812904
913542 1179448077 12812904
913542 1192260981 12812904
913542 1205073885 12812904
913542 1217886789 12812904
913542 1230699693 12812904
913542 1243512597 12812904
913542 1256325501 12812904
913542 1269138405 12812904
913542 1281951309 12812904
913542 1294764213 12812904
913542 1307577117 12812904
913542 1320390021 12812904
913542 1333202925 12812904
913542 1346015829 12812904
913542 1358828733 12812904
913542 1371641637 12812904
913542 1384454541 12812904
913542 1397267445 12812904
913542 1410080349 12812904
913542 1422893253 12812904
913542 1435706157 12812904
913542 1448519061 12812904
913542 1461331965 12812904
913542 1474144869 12812904
913542 1486957773 12812904
913542 1499770677 12812904
913542 1512583581 12812904
913542 1525396485 12812904
913542 1538209389 12812904
913542 1551022293 12812904
913542 1563835197 12812904
913542 1576648101 12812904
913542 1589461005 12812904
913542 1602273909 12812904
913542 1615086813 12812904
913542 1627899717 12812904
913542 1640712621 12812904
913542 1653525525 12812904
913542 1666338429 12812904
913542 1679151333 12812904
913542 1691964237 12812904
913542 1704777141 12812904
913542 1717590045 12812904
913542 1730402949 12812904
913542 1743215853 12812904
913542 1756028757 12812904
913542 1768841661 12812904
913542 1781654565 12812904
913542 1794467469 12812904
913542 1807280373 12812904
913542 1820093277 12812904
913542 1832906181 12812904
913542 1845719085 12812904
913542 1858531989 12812904
913542 1871344893 12812904
913542 1884157797 12812904
913542 1896970701 12812904
913542 1909783605 12812904
913542 1922596509 12812904
913542 1935409413 12812904
913542 1948222317 12812904
913542 1961035221 12812904
913542 1973848125 12812904
913542 1986661029 12812904
913542 1999473933 12812904
913542 2012286837 12812904
913542 2025099741 12812904
913542 2037912645 12812904
913542 2050725549 12812904
913542 2063538453 12812904
913542 2076351357 12812904
913542 2089164261 12812904
913542 2101977165 12812904
913542 2114790069 12812904
913542 2127602973 12812904
913542 2140415877 12812904
913542 2153228781 12812904
913542 2166041685 12812904
913542 2178854589 12812904
913542 2191667493 12812904
913542 2204480397 12812904
913542 2217293301 12812904
913542 2230106205 12812904
913542 2242919109 12812904
913542 2255732013 12812904
913542 2268544917 12812904
913542 2281357821 12812904
913542 2294170725 12812904
913542 2306983629 12812904
913542 2319796533 12812904
913542 2332609437 12812904
913542 2345422341 12812904
913542 2358235245 12812904
913542 2371048149 12812904
913542 2383861053 12812904
913542 2396673957 12812904
913542 2409486861 12812904
913542 2422299765 12812904
913542 2435112669 12812904
913542 2447925573 12812904
913542 2460738477 12812904
913542 2473551381 12812904
913542 2486364285 12812904
913542 2499177189 12812904
913542 2511990093 12812904
913542 2524802997 12812904
913542 2537615901 12812904
913542 2550428805 12812904
913542 2563241709 12812904
913542 2576054613 12812904
913542 2588867517 12812904
913542 2601680421 12812904
913542 2614493325 12812904
913542 2627306229 12812904
913542 2640119133 12812904
913542 2652932037 12812904
913542 2665744941 12812904
913542 2678557845 12812904
913542 2691370749 12812904
913542 2704183653 12812904
913542 2716996557 12812904
913542 2729809461 12812904
913542 2742622365 12812904
913542 2755435269 12812904
913542 2768248173 12812904
913542 2781061077 12812904
913542 2793873981 12812904
913542 2806686885 12812904
913542 2819499789 12812904
913542 2832312693 12812904
913542 2845125597 12812904
913542 2857938501 12812904
913542 2870751405 12812904
913542 2883564309 12812904
913542 2896377213 12812904
913542 2909190117 12812904
913542 2922003021 12812904
913542 2934815925 12812904
913542 2947628829 12812904
913542 2960441733 12812904
913542 2973254637 12812904
913542 2986067541 12812904

temperature-to-humidity map:
531189 913542 54756
531189 968298 54756
531189 1023054 54756
531189 1077810 54756
531189 1132566 54756
531189 1187322 54756
531189 1242078 54756
531189 1296834 54756
531189 1351590 54756
531189 1406346 54756
531189 1461102 54756
531189 1515858 54756
531189 1570614 54756
531189 1625370 54756
531189 1680126 54756
531189 1734882 54756
531189 1789638 54756
531189 1844394 54756
531189 1899150 54756
531189 1953906 54756
531189 2008662 54756
531189 2063418 54756
531189 2118174 54756
531189 2172930 54756
531189 2227686 54756
531189 2282442 54756
531189 2337198 54756
531189 2391954 54756
531189 2446710 54756
531189 2501466 54756
531189 2556222 54756
531189 2610978 54756
531189 2665734 54756
531189 2720490 54756
531189 2775246 54756
531189 2830002 54756
531189 2884758 54756
531189 2939514 54756
531189 2994270 54756
531189 3049026 54756
531189 3103782 54756
531189 3158538 54756
531189 3213294 54756
531189 3268050 54756
531189 3322806 54756
531189 3377562 54756
531189 3432318 54756
531189 3487074 54756
531189 3541830 54756
531189 3596586 54756
531189 3651342 54756
531189 3706098 54756
531189 3760854 54756
531189 3815610 54756
531189 3870366 54756
531189 3925122 54756
531189 3979878 54756
531189 4034634 54756
531189 4089390 54756
531189 4144146 54756
531189 4198902 54756
531189 4253658 54756
531189 4308414 54756
531189 4363170 54756
531189 4417926 54756
531189 4472682 54756
531189 4527438 54756
531189 4582194 54756
531189 4636950 54756
531189 4691706 54756
531189 4746462 54756
531189 4801218 54756
531189 4855974 54756
531189 4910730 54756
531189 4965486 54756
531189 5020242 54756
531189 5074998 54756
531189 5129754 54756
531189 5184510 54756
531189 5239266 54756
531189 5294022 54756
531189 5348778 54756
531189 5403534 54756
531189 5458290 54756
531189 5513046 54756
531189 5567802 54756
531189 5622558 54756
531189 5677314 54756
531189 5732070 54756
531189 5786826 54756
531189 5841582 54756
531189 5896338 54756
531189 5951094 54756
531189 6005850 54756
531189 6060606 54756
531189 6115362 54756
531189 6170118 54756
531189 6224874 54756
531189 6279630 54756
531189 6334386 54756
531189 6389142 54756
531189 6443898 54756
531189 6498654 54756
531189 6553410 54756
531189 6608166 54756
531189 6662922 54756
531189 6717678 54756
531189 6772434 54756
531189 6827190 54756
531189 6881946 54756
531189 6936702 54756
531189 6991458 54756
531189 7046214 54756
531189 7100970 54756
531189 7155726 54756
531189 7210482 54756
531189 7265238 54756
531189 7319994 54756
531189 7374750 54756
531189 7429506 54756
531189 7484262 54756
531189 7539018 54756
531189 7593774 54756
531189 7648530 54756
531189 7703286 54756
531189 7758042 54756
531189 7812798 54756
531189 7867554 54756
531189 7922310 54756
531189 7977066 54756
531189 8031822 54756
531189 8086578 54756
531189 8141334 54756
531189 8196090 54756
531189 8250846 54756
531189 8305602 54756
531189 8360358 54756
531189 8415114 54756
531189 8469870 54756
531189 8524626 54756
531189 8579382 54756
531189 8634138 54756
531189 8688894 54756
531189 8743650 54756
531189 8798406 54756
531189 8853162 54756
531189 8907918 54756
531189 8962674 54756
531189 9017430 54756
531189 9072186 54756
531189 9126942 54756
531189 9181698 54756
531189 9236454 54756
531189 9291210 54756
531189 9345966 54756
531189 9400722 54756
531189 9455478 54756
531189 9510234 54756
531189 9564990 54756
531189 9619746 54756
531189 9674502 54756
531189 9729258 54756
531189 9784014 54756
531189 9838770 54756
531189 9893526 54756
531189 9948282 54756
531189 10003038 54756
531189 10057794 54756
531189 10112550 54756
531189 10167306 54756
531189 10222062 54756
531189 10276818 54756
531189 10331574 54756
531189 10386330 54756
531189 10441086 54756
531189 10495842 54756
531189 10550598 54756
531189 10605354 54756
531189 10660110 54756
531189 10714866 54756
531189 10769622 54756
531189 10824378 54756
531189 10879134 54756
531189 10933890 54756
531189 10988646 54756
531189 11043402 54756
531189 11098158 54756
531189 11152914 54756
531189 11207670 54756
531189 11262426 54756
531189 11317182 54756
531189 11371938 54756
531189 11426694 54756
531189 11481450 54756
531189 11536206 54756
531189 11590962 54756
531189 11645718 54756
531189 11700474 54756
531189 11755230 54756
531189 11809986 54756
531189 11864742 54756
531189 11919498 54756
531189 11974254 54756
531189 12029010 54756
531189 12083766 54756
531189 12138522 54756
531189 12193278 54756
531189 12248034 54756
531189 12302790 54756
531189 12357546 54756
531189 12412302 54756
531189 12467058 54756
531189 12521814 54756
531189 12576570 54756
531189 12631326 54756
531189 12686082 54756
531189 12740838 54756
531189 12795594 54756
531189 12850350 54756
531189 12905106 54756
531189 12959862 54756
531189 13014618 54756
531189 13069374 54756
531189 13124130 54756
531189 13178886 54756
531189 13233642 54756
531189 13288398 54756
531189 13343154 54756
531189 13397910 54756
531189 13452666 54756
531189 13507422 54756
531189 13562178 54756
531189 13616934 54756
531189 13671690 54756

humidity-to-location map:
1234567890987654321 531189 234
1234567890987654321 531423 234
1234567890987654321 531657 234
1234567890987654321 531891 234
1234567890987654321 532125 234
1234567890987654321 532359 234
1234567890987654321 532593 234
1234567890987654321 532827 234
1234567890987654321 533061 234
1234567890987654321 533295 234
1234567890987654321 533529 234
1234567890987654321 533763 234
1234567890987654321 533997 234
1234567890987654321 534231 234
1234567890987654321 534465 234
1234567890987654321 534699 234
1234567890987654321 534933 234
1234567890987654321 535167 234
1234567890987654321 535401 234
1234567890987654321 535635 234
1234567890987654321 535869 234
1234567890987654321 536103 234
1234567890987654321 536337 234
1234567890987654321 536571 234
1234567890987654321 536805 234
1234567890987654321 537039 234
1234567890987654321 537273 234
1234567890987654321 537507 234
1234567890987654321 537741 234
1234567890987654321 537975 234
1234567890987654321 538209 234
1234567890987654321 538443 234
1234567890987654321 538677 234
1234567890987654321 538911 234
1234567890987654321 539145 234
1234567890987654321 539379 234
1234567890987654321 539613 234
1234567890987654321 539847 234
1234567890987654321 540081 234
1234567890987654321 540315 234
1234567890987654321 540549 234
1234567890987654321 540783 234
1234567890987654321 541017 234
1234567890987654321 541251 234
1234567890987654321 541485 234
1234567890987654321 541719 234
1234567890987654321 541953 234
1234567890987654321 542187 234
1234567890987654321 542421 234
1234567890987654321 542655 234
1234567890987654321 542889 234
1234567890987654321 543123 234
1234567890987654321 543357 234
1234567890987654321 543591 234
1234567890987654321 543825 234
1234567890987654321 544059 234
1234567890987654321 544293 234
1234567890987654321 544527 234
1234567890987654321 544761 234
1234567890987654321 544995 234
1234567890987654321 545229 234
1234567890987654321 545463 234
1234567890987654321 545697 234
1234567890987654321 545931 234
1234567890987654321 546165 234
1234567890987654321 546399 234
1234567890987654321 546633 234
1234567890987654321 546867 234
1234567890987654321 547101 234
1234567890987654321 547335 234
1234567890987654321 547569 234
1234567890987654321 547803 234
1234567890987654321 548037 234
1234567890987654321 548271 234
1234567890987654321 548505 234
1234567890987654321 548739 234
1234567890987654321 548973 234
1234567890987654321 549207 234
1234567890987654321 549441 234
1234567890987654321 549675 234
1234567890987654321 549909 234
1234567890987654321 550143 234
1234567890987654321 550377 234
1234567890987654321 550611 234
1234567890987654321 550845 234
1234567890987654321 551079 234
1234567890987654321 551313 234
1234567890987654321 551547 234
1234567890987654321 551781 234
1234567890987654321 552015 234
1234567890987654321 552249 234
1234567890987654321 552483 234
1234567890987654321 552717 234
1234567890987654321 552951 234
1234567890987654321 553185 234
1234567890987654321 553419 234
1234567890987654321 553653 234
1234567890987654321 553887 234
1234567890987654321 554121 234
1234567890987654321 554355 234
1234567890987654321 554589 234
1234567890987654321 554823 234
1234567890987654321 555057 234
1234567890987654321 555291 234
1234567890987654321 555525 234
1234567890987654321 555759 234
1234567890987654321 555993 234
1234567890987654321 556227 234
1234567890987654321 556461 234
1234567890987654321 556695 234
1234567890987654321 556929 234
1234567890987654321 557163 234
1234567890987654321 557397 234
1234567890987654321 557631 234
1234567890987654321 557865 234
1234567890987654321 558099 234
1234567890987654321 558333 234
1234567890987654321 558567 234
1234567890987654321 558801 234
1234567890987654321 559035 234
1234567890987654321 559269 234
1234567890987654321 559503 234
1234567890987654321 559737 234
1234567890987654321 559971 234
1234567890987654321 560205 234
1234567890987654321 560439 234
1234567890987654321 560673 234
1234567890987654321 560907 234
1234567890987654321 561141 234
1234567890987654321 561375 234
1234567890987654321 561609 234
1234567890987654321 561843 234
1234567890987654321 562077 234
1234567890987654321 562311 234
1234567890987654321 562545 234
1234567890987654321 562779 234
1234567890987654321 563013 234
1234567890987654321 563247 234
1234567890987654321 563481 234
1234567890987654321 563715 234
1234567890987654321 563949 234
1234567890987654321 564183 234
1234567890987654321 564417 234
1234567890987654321 564651 234
1234567890987654321 564885 234
1234567890987654321 565119 234
1234567890987654321 565353 234
1234567890987654321 565587 234
1234567890987654321 565821 234
1234567890987654321 566055 234
1234567890987654321 566289 234
1234567890987654321 566523 234
1234567890987654321 566757 234
1234567890987654321 566991 234
1234567890987654321 567225 234
1234567890987654321 567459 234
1234567890987654321 567693 234
1234567890987654321 567927 234
1234567890987654321 568161 234
1234567890987654321 568395 234
1234567890987654321 568629 234
1234567890987654321 568863 234
1234567890987654321 569097 234
1234567890987654321 569331 234
1234567890987654321 569565 234
1234567890987654321 569799 234
1234567890987654321 570033 234
1234567890987654321 570267 234
1234567890987654321 570501 234
1234567890987654321 570735 234
1234567890987654321 570969 234
1234567890987654321 571203 234
1234567890987654321 571437 234
1234567890987654321 571671 234
1234567890987654321 571905 234
1234567890987654321 572139 234
1234567890987654321 572373 234
1234567890987654321 572607 234
1234567890987654321 572841 234
1234567890987654321 573075 234
1234567890987654321 573309 234
1234567890987654321 573543 234
1234567890987654321 573777 234
1234567890987654321 574011 234
1234567890987654321 574245 234
1234567890987654321 574479 234
1234567890987654321 574713 234
1234567890987654321 574947 234
1234567890987654321 575181 234
1234567890987654321 575415 234
1234567890987654321 575649 234
1234567890987654321 575883 234
1234567890987654321 576117 234
1234567890987654321 576351 234
1234567890987654321 576585 234
1234567890987654321 576819 234
1234567890987654321 577053 234
1234567890987654321 577287 234
1234567890987654321 577521 234
1234567890987654321 577755 234
1234567890987654321 577989 234
1234567890987654321 578223 234
1234567890987654321 578457 234
1234567890987654321 578691 234
1234567890987654321 578925 234
1234567890987654321 579159 234
1234567890987654321 579393 234
1234567890987654321 579627 234
1234567890987654321 579861 234
1234567890987654321 580095 234
1234567890987654321 580329 234
1234567890987654321 580563 234
1234567890987654321 580797 234
1234567890987654321 581031 234
1234567890987654321 581265 234
1234567890987654321 581499 234
1234567890987654321 581733 234
1234567890987654321 581967 234
1234567890987654321 582201 234
1234567890987654321 582435 234
1234567890987654321 582669 234
1234567890987654321 582903 234
1234567890987654321 583137 234
1234567890987654321 583371 234
1234567890987654321 583605 234
1234567890987654321 583839 234
1234567890987654321 584073 234
1234567890987654321 584307 234
1234567890987654321 584541 234
1234567890987654321 584775 234
1234567890987654321 585009 234
1234567890987654321 585243 234
1234567890987654321 585477 234
1234567890987654321 585711 234
