seeds: 0 2147483647

seed-to-soil map:
157426 0 105413504
157426 105413504 105413504
157426 210827008 105413504
157426 316240512 105413504
157426 421654016 105413504
157426 527067520 105413504
157426 632481024 105413504
157426 737894528 105413504
157426 843308032 105413504
157426 948721536 105413504
157426 1054135040 105413504
157426 1159548544 105413504
157426 1264962048 105413504
157426 1370375552 105413504

soil-to-fertilizer map:
547900 157426 7529536
547900 7686962 7529536
547900 15216498 7529536
547900 22746034 7529536
547900 30275570 7529536
547900 37805106 7529536
547900 45334642 7529536
547900 52864178 7529536
547900 60393714 7529536
547900 67923250 7529536
547900 75452786 7529536
547900 82982322 7529536
547900 90511858 7529536
547900 98041394 7529536

fertilizer-to-water map:
716650 547900 537824
716650 1085724 537824
716650 1623548 537824
716650 2161372 537824
716650 2699196 537824
716650 3237020 537824
716650 3774844 537824
716650 4312668 537824
716650 4850492 537824
716650 5388316 537824
716650 5926140 537824
716650 6463964 537824
716650 7001788 537824
716650 7539612 537824

water-to-light map:
801009 716650 38416
801009 755066 38416
801009 793482 38416
801009 831898 38416
801009 870314 38416
801009 908730 38416
801009 947146 38416
801009 985562 38416
801009 1023978 38416
801009 1062394 38416
801009 1100810 38416
801009 1139226 38416
801009 1177642 38416
801009 1216058 38416

light-to-temperature map:
833955 801009 2744
833955 803753 2744
833955 806497 2744
833955 809241 2744
833955 811985 2744
833955 814729 2744
833955 817473 2744
833955 820217 2744
833955 822961 2744
833955 825705 2744
833955 828449 2744
833955 831193 2744
833955 833937 2744
833955 836681 2744

temperature-to-humidity map:
669614 833955 196
669614 834151 196
669614 834347 196
669614 834543 196
669614 834739 196
669614 834935 196
669614 835131 196
669614 835327 196
669614 835523 196
669614 835719 196
669614 835915 196
669614 836111 196
669614 836307 196
669614 836503 196

humidity-to-location map:
123456789 669614 14
123456789 669628 14
123456789 669642 14
123456789 669656 14
123456789 669670 14
123456789 669684 14
123456789 669698 14
123456789 669712 14
123456789 669726 14
123456789 669740 14
123456789 669754 14
123456789 669768 14
123456789 669782 14
123456789 669796 14
